A 0.01
predict   actual
18.97     20.5
7.25519     7.8
23.4632     44.47
18.7524     18.67
9.05543     13.6
21.5342     26.3
9.12201     7.2
18.1472     15.6
7.97864     9.3
18.6948     15.3
25.1505     21.31
10.8649     13.2
24.2213     30.8
30.2957     26.0
32.9152     30.91
16.2127     23.1
21.064     22.0
19.4757     20.0
14.0142     13.4
17.8599     30.1
24.0327     26.33
11.5509     11.4
12.7362     10.0
18.6969     19.82
13.5558     14.8
21.9448     24.5
38.7561     27.34
8.57594     4.9
30.1479     23.17
rms is 20.0946065949
mean_error is -1.16132848472
std is 20.0610201724

A 0.01
predict   actual
19.0874     22.0
16.8972     23.1
7.12587     13.6
7.96229     4.9
13.4681     13.4
33.5941     30.91
8.05956     7.2
38.8587     27.34
11.4282     14.8
8.87258     13.2
21.9065     26.3
30.235     26.0
12.1462     11.4
6.39223     7.8
22.8062     44.47
10.6341     9.3
19.6882     20.5
22.7594     24.5
17.9406     18.67
10.9023     10.0
18.4293     15.6
18.4179     30.1
24.4045     30.8
29.2314     23.17
24.2563     26.33
25.5243     21.31
20.3941     20.0
16.1976     15.3
20.2829     19.82
rms is 21.0395855507
mean_error is -4.88884177139
std is 20.4637090059

A 0.01
predict   actual
6.92595     7.8
10.4575     13.6
15.2234     13.4
18.3761     15.6
8.99651     7.2
20.5261     26.3
20.9931     20.5
17.7257     23.1
13.4084     10.0
18.3806     18.67
11.3756     11.4
39.7016     27.34
21.5105     20.0
8.32708     4.9
24.981     30.8
19.4675     19.82
24.7932     26.33
35.4141     30.91
26.2136     21.31
20.2653     22.0
10.71     13.2
9.38849     9.3
18.0493     15.3
23.7188     44.47
30.5505     23.17
13.5618     14.8
23.25     24.5
19.2477     30.1
29.6884     26.0
rms is 19.2369703602
mean_error is 0.0857386646765
std is 19.2367792918

A 0.01
predict   actual
16.2809     19.82
26.5944     21.31
19.4776     30.1
21.6057     26.3
23.7129     44.47
23.3487     30.8
20.4718     20.5
11.0429     13.6
13.4835     13.4
31.9679     26.0
23.5135     24.5
7.31879     9.3
40.1414     27.34
21.2435     20.0
23.104     26.33
12.906     10.0
17.7006     15.6
9.1376     4.9
11.7705     11.4
18.9674     18.67
17.9614     23.1
18.4114     15.3
31.1068     23.17
9.17305     7.2
10.9991     13.2
7.77495     7.8
34.3697     30.91
20.6027     22.0
13.4778     14.8
rms is 19.7959821795
mean_error is 0.577125505675
std is 19.7875677283

A 0.02
predict   actual
32.9872     27.19
16.0524     28.4
5.53066     9.1
34.6334     39.2
19.5405     22.3
18.9559     14.59
20.0089     23.0
14.624     12.7
9.39837     9.8
17.3997     16.75
27.8106     20.85
15.5662     19.5
19.7953     40.3
14.2189     20.6
7.8787     4.4
8.87483     11.6
11.1631     11.8
25.2698     28.37
8.05793     8.1
8.39419     6.6
12.3074     9.6
6.61439     7.5
28.4843     27.73
15.1141     20.7
6.76333     6.9
26.987     31.16
22.8699     23.63
9.51689     7.8
22.6719     19.2
22.7005     27.42
25.1814     24.1
18.1602     14.3
34.1346     39.34
11.2946     11.8
9.3468     8.6
17.1077     17.5
24.1582     25.8
rms is 20.5492051139
mean_error is -1.68283274971
std is 20.4801832206

A 0.02
predict   actual
19.3709     40.3
7.48854     9.1
33.941     27.19
7.66308     4.4
6.56395     6.9
27.3561     20.85
15.7579     20.6
11.8179     11.8
15.6763     20.7
16.7528     19.5
7.04747     7.5
10.0666     8.6
18.854     22.3
14.7709     12.7
17.9788     14.59
24.6853     24.1
8.84695     11.6
11.0799     11.8
35.2213     39.34
9.8487     9.8
21.9001     27.42
17.2931     28.4
16.5638     16.75
7.95464     6.6
11.8511     9.6
23.6426     25.8
9.98172     7.8
29.4567     27.73
25.4372     28.37
26.9546     31.16
35.8232     39.2
22.0791     23.63
22.6266     19.2
8.77597     8.1
17.3621     14.3
18.3208     17.5
20.4781     23.0
rms is 18.6109475138
mean_error is -1.77022504051
std is 18.5265666185

A 0.02
predict   actual
15.9915     14.3
22.1547     19.2
9.60374     8.6
17.4796     28.4
18.8968     22.3
24.1201     24.1
38.447     39.2
5.68939     6.9
6.99896     4.4
25.7549     28.37
11.4708     7.8
17.6265     17.5
26.3574     20.85
15.3696     16.75
16.0889     20.7
7.68163     11.6
9.54146     8.1
30.7665     27.73
9.83289     11.8
20.6869     27.42
11.7519     11.8
6.93554     6.6
16.2004     19.5
35.8657     27.19
18.2143     40.3
6.9783     9.1
15.7961     20.6
20.8614     23.63
17.0066     14.59
20.6556     23.0
22.6987     25.8
10.5525     9.8
14.4121     12.7
37.6467     39.34
9.55145     7.5
11.1579     9.6
27.415     31.16
rms is 20.386992319
mean_error is -5.16622027808
std is 19.7215522678

A 0.02
predict   actual
11.9151     11.8
7.38774     4.4
24.5752     24.1
7.70588     6.6
24.9107     28.37
31.8042     27.73
16.9539     28.4
10.2367     8.6
22.1918     27.42
9.82735     7.8
11.4323     9.6
22.3716     23.63
18.3386     14.59
7.75183     9.1
14.6056     12.7
16.4154     16.75
10.777     11.8
35.2071     27.19
26.9823     31.16
15.5423     20.7
19.9792     23.0
23.2557     25.8
18.9487     22.3
21.965     19.2
9.90273     9.8
15.4751     20.6
16.8851     14.3
6.98355     7.5
36.6953     39.34
8.95748     8.1
6.36257     6.9
27.6921     20.85
8.60412     11.6
38.3449     39.2
18.9261     40.3
18.7306     17.5
17.1065     19.5
rms is 18.8970895872
mean_error is -2.01925114692
std is 18.7888961802

A 0.03
predict   actual
16.7723     14.4
35.89     39.1
33.0829     27.03
19.3243     17.43
27.5396     44.82
34.2019     38.89
10.5668     10.7
34.556     37.1
16.7143     26.8
24.1296     24.25
28.8971     25.34
14.4833     19.2
9.06241     10.3
23.708     30.0
19.9952     21.9
27.7039     31.92
17.7965     20.3
6.35797     6.2
15.606     15.7
9.07541     9.2
28.2177     41.23
17.9612     37.0
8.13621     7.1
17.5107     17.0
13.135     11.4
16.0701     12.59
5.60556     3.9
13.5716     20.0
7.61265     6.6
6.33212     7.7
23.7306     19.2
21.9143     24.59
9.93914     8.7
18.9123     21.26
4.67949     6.4
6.64537     10.7
8.45021     7.4
19.4     24.64
15.2581     15.6
15.0504     13.6
9.0784     7.9
26.2553     31.11
21.7724     23.0
rms is 18.6834041318
mean_error is -7.71123548041
std is 17.0178270445

A 0.03
predict   actual
8.95749     7.1
28.6552     44.82
36.9492     38.89
14.4693     19.2
9.07102     7.4
13.6606     20.0
30.0088     25.34
22.2878     24.59
19.5295     24.64
5.69744     3.9
28.8305     31.92
19.0263     21.26
18.3867     20.3
19.6893     17.43
8.54881     6.6
37.1876     37.1
22.0462     23.0
27.179     31.11
16.9125     26.8
24.633     30.0
16.1213     15.7
39.0775     39.1
24.1017     19.2
18.0224     37.0
16.1478     12.59
9.13786     7.9
4.70999     6.4
11.0286     10.7
6.46005     6.2
35.4633     27.03
13.2375     11.4
25.0184     24.25
17.3319     14.4
9.13489     10.3
18.0618     17.0
6.62492     10.7
9.66011     9.2
5.99356     7.7
15.1106     13.6
29.4797     41.23
15.7212     15.6
20.6404     21.9
10.0307     8.7
rms is 18.0898945586
mean_error is -4.57350577431
std is 17.5022092912

A 0.03
predict   actual
5.85424     3.9
18.9854     21.26
20.7828     21.9
8.09424     7.4
14.7149     19.2
24.2331     19.2
9.03968     7.1
24.564     30.0
4.68343     6.4
17.1173     26.8
9.00702     9.2
19.9458     17.43
6.38786     6.2
10.4286     8.7
36.8941     39.1
28.7171     31.92
15.737     15.7
7.9384     6.6
22.245     23.0
26.9493     31.11
15.89     12.59
19.5181     24.64
15.3459     13.6
18.2623     37.0
13.4039     11.4
25.1044     24.25
6.69575     10.7
9.24054     10.3
17.0055     14.4
13.8454     20.0
10.4855     10.7
30.0146     25.34
15.8733     15.6
18.0099     17.0
9.54765     7.9
35.4868     38.89
6.60049     7.7
28.9455     41.23
34.2175     27.03
28.2023     44.82
35.2754     37.1
18.3157     20.3
22.5076     24.59
rms is 17.9275982014
mean_error is -4.68819738339
std is 17.3037447556

A 0.05
predict   actual
8.20462     8.2
25.0018     37.23
14.3992     11.4
4.99853     3.2
13.559     12.6
19.1353     18.3
35.8655     35.0
6.19698     5.4
18.776     23.08
15.8879     16.3
12.9716     9.9
15.5929     11.2
8.22597     7.0
15.363     9.89
9.92666     9.1
8.86238     7.3
37.33     37.6
24.9505     30.18
32.7391     37.33
24.2973     31.01
26.6304     22.59
21.686     29.68
19.5355     18.6
6.51008     6.4
5.5158     5.7
21.8287     16.07
15.9753     12.9
13.9685     11.7
30.8206     35.1
7.11559     7.7
21.0772     22.08
26.7197     37.62
17.1788     15.76
16.8658     31.38
15.4152     23.0
8.11214     6.3
31.3937     24.44
17.9483     21.12
6.65496     7.9
17.6295     17.97
13.2201     18.2
4.72146     5.7
25.1112     41.55
20.7692     27.2
13.5949     13.85
6.2775     6.2
14.1438     15.3
13.6488     17.6
rms is 19.9748606935
mean_error is -6.039464067
std is 19.039956237

A 0.05
predict   actual
38.8693     37.6
17.8776     21.12
8.70794     6.3
8.83892     7.3
14.2975     11.7
32.9685     24.44
14.8616     9.89
36.5786     35.0
22.3728     27.2
5.24068     6.2
31.7897     35.1
13.1982     18.2
28.0154     37.62
15.7466     23.0
13.4536     17.6
22.0086     22.08
26.2459     30.18
25.9273     37.23
15.9601     12.9
22.1908     29.68
4.82272     3.2
8.01088     7.7
12.7417     9.9
4.26047     5.7
10.3552     9.1
7.76283     8.2
14.1482     15.3
14.7255     11.4
16.0031     11.2
17.5486     15.76
18.0775     20.7
19.2584     18.3
19.0536     23.08
7.578     7.0
5.05991     5.7
19.7184     18.6
8.14947     5.4
34.4373     37.33
27.9112     22.59
6.11869     7.9
13.4807     13.85
26.0603     41.55
25.2965     31.01
8.65524     6.4
17.5054     17.97
13.368     12.6
16.7722     31.38
15.8616     16.3
rms is 19.1034571894
mean_error is -4.79249508957
std is 18.4925408585

A 0.05
predict   actual
13.2752     13.85
8.49414     6.3
7.59639     7.0
14.0094     15.3
13.051     18.2
38.164     37.6
21.558     16.07
14.0112     11.7
15.7263     11.2
24.6441     31.01
25.3917     30.18
27.2922     37.62
21.6526     22.08
27.1651     22.59
17.4113     21.12
16.4225     31.38
13.1587     12.6
12.5693     9.9
19.1501     18.6
7.68561     8.2
21.7349     29.68
18.7839     18.3
35.9702     35.0
15.646     16.3
17.0586     17.97
32.2154     24.44
4.229     5.7
17.2584     15.76
15.4641     23.0
5.07101     5.7
18.5998     23.08
7.87357     7.7
4.82164     3.2
5.27483     6.2
8.52899     6.4
8.8116     7.3
25.4054     41.55
33.7107     37.33
14.4347     11.4
6.03454     7.9
21.6913     27.2
13.2719     17.6
25.2773     37.23
10.1272     9.1
8.01132     5.4
30.9459     35.1
14.557     9.89
17.7028     20.7
rms is 20.1555855329
mean_error is -6.70999512526
std is 19.0058831311

A 0.1
predict   actual
29.3756     24.16
28.9325     25.0
12.7815     10.3
25.9325     30.0
12.3272     8.3
8.50213     8.7
13.9645     15.05
11.3308     16.0
24.6441     23.5
12.941     8.9
10.1064     8.0
21.8984     25.18
22.5909     18.7
11.2146     13.0
14.7473     14.0
7.60693     6.83
11.359     25.0
20.409     27.0
5.61484     5.1
11.5343     19.5
6.92286     5.6
25.9097     22.6
16.2466     22.8
13.2526     11.33
7.93673     5.0
8.34895     5.9
33.7957     35.34
6.279     4.8
19.3911     11.7
31.8166     32.8
17.3201     15.62
10.1064     8.5
10.9968     8.2
12.7709     21.58
30.8903     28.6
21.1185     30.12
18.4972     12.94
24.2235     31.99
3.72769     2.1
22.1292     32.6
27.9266     18.91
19.225     28.0
15.6197     18.0
15.2161     14.0
12.51     12.1
5.20698     5.3
4.49993     4.7
8.50367     10.0
17.6876     25.0
19.3466     24.2
20.7972     24.0
17.3745     23.7
10.1301     14.8
6.56208     6.0
31.8733     32.0
15.6054     21.47
4.78651     3.9
11.569     20.5
21.8681     26.76
13.699     9.1
21.0576     26.0
19.731     25.13
15.181     12.71
22.4928     22.2
11.1415     10.96
15.3206     18.4
4.61977     5.7
rms is 23.3026600767
mean_error is -3.94516286578
std is 22.9662721531

A 0.1
predict   actual
13.3273     21.58
6.77684     6.0
19.1661     28.0
22.6889     32.6
22.4101     25.18
16.3021     18.0
27.8196     18.91
4.62857     4.7
28.7633     25.0
19.5222     11.7
19.3537     12.94
3.86751     2.1
19.2955     24.2
12.6061     12.1
21.0317     24.0
31.018     28.6
9.56214     14.8
33.9291     35.34
32.0747     32.0
13.0516     8.3
21.7054     30.12
16.1478     22.8
22.4374     26.76
20.4152     25.13
12.0136     16.0
8.75879     10.0
22.4173     18.7
5.62406     5.1
11.8113     10.6
16.3518     21.47
12.9988     8.9
24.6729     31.99
25.1679     23.5
32.8642     35.3
15.5299     12.71
29.6556     24.16
14.1252     11.33
11.1917     19.5
12.9423     10.3
17.8461     23.7
15.8369     14.0
4.64178     5.7
11.8181     16.8
15.3517     18.4
3.9427     4.7
15.3246     14.0
10.5641     25.0
9.5884     8.5
26.1963     22.6
18.1894     25.0
8.2824     8.7
22.7998     22.2
4.34155     3.9
21.8081     18.21
32.1332     32.8
11.6058     20.5
5.62531     4.8
6.30782     5.6
14.8793     15.05
11.2945     8.2
9.5884     8.0
7.79549     5.9
11.2396     13.0
11.1916     10.96
7.85701     6.83
5.45775     5.3
3.86008     4.4
rms is 22.3713058441
mean_error is -3.74169375039
std is 22.0561794753

A 0.1
predict   actual
26.8642     25.0
15.7095     14.0
20.7915     27.0
13.0418     9.1
16.0801     12.71
12.8071     21.58
15.7091     22.8
10.8675     25.0
24.9184     30.0
12.3335     8.9
8.80336     8.7
18.3009     24.2
4.41798     4.7
7.39678     5.0
10.2621     13.0
15.3434     21.47
13.3022     15.05
22.4288     25.18
30.9392     35.34
19.3116     25.0
26.5984     24.16
10.2348     8.2
13.525     19.5
18.0951     11.7
20.5208     23.7
19.5826     15.62
5.60261     4.8
28.1543     32.0
5.41204     4.4
12.7198     11.33
28.1794     32.8
12.4683     8.3
23.9737     31.99
21.3637     18.91
16.9059     16.4
19.169     18.21
21.709     26.76
28.8112     28.6
21.2942     30.12
10.8453     16.8
10.4022     10.96
19.1962     28.0
3.71303     2.1
7.45281     5.9
29.4174     35.3
17.5901     18.4
22.0022     18.7
23.4269     24.0
5.24978     5.7
7.06194     10.0
17.4967     12.94
7.92032     6.83
10.3146     16.0
15.3871     14.0
18.8435     25.13
10.3754     8.0
10.3754     8.5
23.0432     22.6
6.65649     5.1
11.2846     10.6
20.6828     26.0
22.1827     32.6
11.8985     12.1
5.22481     3.9
23.7241     22.2
11.9414     10.3
4.95321     5.3
6.18423     5.6
rms is 21.4304248879
mean_error is -4.81801433506
std is 20.8818066446

A 0.2
predict   actual
2.56701     3.8
18.7855     18.0
13.0717     8.13
13.438     11.7
18.9827     18.6
6.19581     6.4
19.4698     23.25
15.5257     14.3
10.2629     7.7
8.85737     12.95
5.28021     3.2
9.69875     5.9
26.0602     31.2
11.3272     12.0
17.9703     23.35
3.46088     3.4
8.64645     5.2
21.3599     25.9
20.6258     24.66
3.65303     3.6
14.7664     9.5
12.6598     10.2
3.28559     3.0
10.4896     15.5
6.89323     6.0
16.1334     20.4
8.15634     8.71
16.2384     20.2
3.99234     3.5
4.21528     2.8
20.1502     15.8
27.8765     31.73
17.5035     21.73
12.6924     10.82
9.05698     11.9
19.3622     20.1
4.93722     6.6
17.4199     15.41
11.6168     16.38
24.8209     26.4
14.221     13.26
3.61289     2.4
7.33279     12.6
19.1694     14.8
8.10276     7.96
21.0756     21.0
7.98586     7.95
21.3903     17.22
5.71316     4.3
15.7513     18.0
18.6029     19.09
16.7738     22.9
8.16921     11.8
5.06606     5.21
5.18114     4.5
9.82393     6.4
13.9533     15.3
24.9894     23.3
13.8703     19.9
15.8628     14.77
9.57328     6.1
8.68658     7.67
7.49258     9.6
2.87351     3.6
6.89323     5.5
26.1593     28.8
8.97784     7.0
16.7328     19.0
2.68491     1.7
rms is 19.4275848663
mean_error is 0.429157060776
std is 19.4228442293

A 0.2
predict   actual
3.34544     2.8
25.4847     21.0
23.3212     25.9
4.81842     4.5
11.031     13.26
8.04323     12.6
9.95234     11.9
20.6503     23.25
19.4684     14.8
30.6312     23.3
7.31509     7.96
8.5055     5.2
22.3804     22.9
5.13969     3.2
7.71233     7.95
10.4826     12.9
8.28883     6.1
15.2459     19.9
8.4062     15.5
7.89249     11.8
2.83837     3.6
22.4629     24.66
9.39857     5.9
12.0332     17.3
7.23484     9.6
15.7708     20.4
6.83003     6.4
2.63149     1.7
7.39598     7.67
24.2753     15.8
8.00935     12.2
29.4152     28.8
12.4271     11.7
14.6639     20.2
8.66052     7.0
31.8776     31.73
9.64104     7.7
12.5499     9.38
3.75701     2.4
12.9671     19.0
24.7433     15.41
20.1911     14.77
3.33199     3.0
11.5695     10.2
16.1508     19.09
5.5535     5.5
3.40312     6.6
17.873     9.5
12.6835     10.82
11.4134     15.3
30.9045     26.4
7.6755     7.4
11.9544     8.13
3.33484     3.4
24.6114     17.22
17.3145     20.1
5.74043     4.3
6.94518     8.71
7.91996     12.95
7.51233     17.5
5.5535     6.0
10.5715     16.38
4.51913     3.7
29.2926     31.2
3.94968     3.5
2.78991     3.8
16.1272     18.6
17.7019     21.73
18.2274     23.35
9.85117     6.4
rms is 25.3113859583
mean_error is -4.76624360393
std is 24.8585836491

A 0.2
predict   actual
3.22348     5.21
15.1752     20.2
11.5366     10.2
4.73576     3.7
9.72772     12.0
10.6491     16.38
12.4043     11.7
16.8799     18.6
12.9062     17.3
14.9983     14.3
13.0844     9.38
17.1079     19.09
5.22516     3.2
8.62047     12.2
12.332     8.13
8.19385     5.2
22.0068     15.41
7.44108     9.6
19.2964     23.25
19.2554     14.8
8.06604     7.95
23.4822     17.22
17.0282     21.73
10.9785     12.9
3.93212     2.4
13.6947     19.9
6.36384     4.3
6.7581     5.5
22.6227     15.8
2.48057     1.7
7.82891     7.4
3.67511     3.6
18.139     18.0
21.3084     25.9
19.2776     20.1
3.48002     2.8
28.6693     26.4
10.2518     7.7
6.00115     4.5
17.4525     14.77
3.70823     3.5
15.4156     20.4
12.5595     15.3
7.74856     12.6
14.4272     19.0
8.59252     11.9
29.646     31.2
29.7381     28.8
12.6415     13.26
6.7581     6.0
6.69647     8.71
31.4999     31.73
17.5152     23.35
6.44685     6.4
4.7541     6.6
3.26758     3.6
7.55736     12.95
7.30133     7.67
12.4602     10.82
9.55484     6.4
20.6294     24.66
9.34376     5.9
8.77228     17.5
22.7797     21.0
2.87148     3.4
15.9201     18.0
9.14729     15.5
27.1426     23.3
6.93831     7.96
rms is 22.3817158155
mean_error is -3.38731102991
std is 22.123908489


A 0.3
predict   actual
6.99705     9.32
15.4293     22.5
3.20141     3.4
4.02359     2.6
11.7491     14.0
9.92854     10.7
7.33749     6.7
4.42267     4.54
4.6646     4.7
17.3669     18.8
11.5574     16.6
31.668     38.5
13.5774     16.6
16.5216     13.1
22.9446     29.98
3.11177     2.9
22.0731     22.98
18.7602     19.0
28.9463     27.46
3.73777     2.2
12.7544     13.97
11.3821     12.52
4.55389     2.5
6.51449     9.5
6.0623     6.24
14.6417     16.89
5.12395     3.1
8.45918     4.8
5.58142     4.8
10.6412     8.9
15.8706     16.0
14.1648     20.04
27.7522     26.8
12.0265     8.38
16.5325     12.7
9.79912     12.8
5.51314     6.43
25.2144     27.2
6.43034     6.39
9.21194     11.0
8.64499     10.0
12.4921     12.86
14.9901     16.0
8.92414     11.09
4.6646     4.2
9.81695     6.98
2.43789     3.0
8.35473     4.6
10.4112     8.9
16.9669     20.12
6.94021     5.0
10.1944     8.99
10.2397     7.87
8.41062     10.8
12.2248     16.4
7.83577     4.0
3.26664     1.5
6.38994     9.5
12.6309     17.0
5.47965     3.6
9.08073     7.81
3.09359     4.9
23.5046     21.2
6.32707     5.8
13.0909     9.6
6.32636     5.02
7.85539     5.1
17.2423     14.83
16.5607     17.9
3.00756     2.2
3.65669     3.9
6.21313     12.1
14.5272     15.69
rms is 21.6338898337
mean_error is -0.0436555774639
std is 21.6338457868


A 0.3
predict   actual
8.46291     11.0
5.48901     3.6
6.68781     12.1
15.1154     16.89
4.36844     2.5
6.62923     9.5
5.3928     5.02
6.86677     5.0
12.9317     16.4
8.79381     10.0
18.0397     13.1
10.1316     12.8
16.2975     16.0
7.85449     4.0
16.7608     18.8
13.3523     12.52
25.4292     27.2
7.63444     5.1
9.56283     10.7
10.5628     8.9
5.53242     6.24
6.72632     6.39
10.8299     7.87
6.14697     7.3
1.79063     3.0
11.8228     17.0
18.1209     12.86
14.0222     13.97
2.81072     4.9
6.09155     4.8
2.60172     2.2
13.4592     8.38
4.69095     6.43
6.28827     5.8
4.26973     3.1
25.116     21.2
4.79442     4.2
29.8791     27.46
13.3869     16.6
9.75568     7.81
2.31662     2.2
17.8284     20.12
23.8907     29.98
2.80231     2.8
6.07141     9.5
2.36496     1.5
10.8707     8.9
12.3064     16.6
2.33473     2.9
8.01381     10.8
11.5364     14.0
8.85598     4.8
18.5122     14.83
24.7025     22.98
17.3652     17.9
9.28722     11.09
3.16876     2.6
10.4381     6.98
3.38314     1.8
32.1665     38.5
4.79442     4.7
18.638     23.1
17.0427     22.5
8.42717     4.6
6.46077     9.32
2.97646     4.54
14.9635     20.04
19.5624     19.0
5.64286     3.9
9.3381     8.99
8.04242     13.9
28.1033     26.8
2.17244     3.4
rms is 25.3631733966
mean_error is 0.649637733866
std is 25.354852308

A 0.3
predict   actual
1.74827     3.4
11.794     6.98
26.7062     27.46
8.98138     13.9
11.8135     8.9
16.4014     15.69
4.69418     3.6
17.8283     13.1
7.74595     5.0
6.1646     12.1
15.6428     20.04
4.16347     2.5
9.16227     10.0
8.21292     4.0
5.59324     4.2
16.9069     16.0
15.3138     12.86
25.2459     26.8
1.60806     2.9
3.30112     4.9
2.52564     2.2
13.757     12.52
17.6485     17.9
6.9019     5.8
5.82183     4.8
23.0096     27.2
15.1164     16.6
15.6752     16.89
2.99479     2.6
16.0716     22.5
11.648     12.8
5.32523     5.02
8.79241     4.6
10.4129     7.81
8.09475     5.1
22.8957     21.2
12.707     14.0
16.9738     16.0
10.3816     8.99
2.41599     3.0
3.94568     3.1
14.4439     9.6
2.05101     1.5
17.7235     12.7
6.0788     7.3
14.3524     13.97
13.2648     8.38
13.7668     16.4
7.18324     9.32
8.9468     10.8
17.3899     18.8
9.07763     4.8
18.9468     19.0
6.52063     9.5
9.60496     11.0
3.16878     2.2
13.6395     17.0
22.6645     22.98
21.5458     29.98
19.0555     23.1
10.891     10.7
11.515     8.9
3.74754     4.54
10.1726     11.09
6.51494     6.39
12.0971     7.87
8.29209     6.7
5.59324     4.7
12.4221     16.6
5.67873     6.43
4.78823     3.9
2.84959     1.8
6.0012     9.5
rms is 22.5277675303
mean_error is 3.20244543673
std is 22.2989832307

A 0.5
predict   actual
12.284     5.9
11.9448     13.84
18.3933     18.17
18.3236     21.11
2.83034     2.7
7.69062     2.8
4.33305     4.59
6.60076     9.0
24.4579     24.0
16.0988     22.1
3.2735     1.5
4.95323     3.6
5.91058     5.4
8.20297     3.4
12.8061     13.67
2.40322     2.2
7.13733     5.7
4.35105     2.8
19.7431     18.3
12.9843     12.06
6.22803     4.9
10.8714     12.0
8.07123     6.13
8.93705     7.3
5.20595     4.0
3.3233     1.6
10.6968     10.29
4.68018     3.3
16.5324     14.3
11.4752     13.0
7.13885     7.28
25.0758     21.3
13.6936     12.3
5.39919     4.1
10.6347     11.4
8.93705     6.5
5.35735     4.9
4.11943     2.4
10.3977     11.09
4.82904     4.4
3.468     3.82
7.75394     10.4
9.43312     10.27
7.36091     3.6
14.5908     10.3
6.07246     12.4
2.47085     2.1
5.40337     4.82
5.53406     7.0
7.81717     8.4
11.1271     7.1
5.50349     6.2
2.6392     2.9
11.5694     12.03
2.19174     1.2
3.43793     1.9
24.558     34.7
13.3309     14.1
19.9463     23.7
3.1531     3.4
11.7202     11.57
4.74516     7.4
9.09542     9.7
6.97335     7.9
13.2847     11.0
3.22546     3.1
3.77083     4.54
3.79806     2.59
29.0067     32.9
10.0079     10.3
10.7606     11.9
7.93489     3.1
8.02019     5.87
rms is 24.0775202984
mean_error is 6.71343420748
std is 23.12264658

A 0.5
predict   actual
10.8704     10.27
8.71546     6.5
5.4023     4.1
4.10021     3.1
3.89826     2.8
11.3755     12.03
12.2629     5.9
10.3248     11.4
2.59374     2.7
19.4307     23.7
7.05678     2.8
24.3202     24.0
5.55354     5.4
12.6279     14.1
17.8722     14.3
10.4915     12.0
2.20521     1.2
3.35723     2.4
2.79095     2.9
8.52284     5.87
7.78091     6.13
4.51526     4.0
29.1118     32.9
10.1553     11.9
8.71546     7.3
18.2597     21.11
3.62759     5.6
7.1386     8.4
3.79343     2.59
25.4594     21.3
11.413     13.0
2.69426     3.4
5.59638     12.4
13.8296     11.0
6.40043     3.6
10.0683     10.3
8.61593     9.7
6.9172     5.7
7.64323     3.4
2.49936     2.1
2.71353     4.54
2.52951     1.8
2.74649     1.5
14.7438     10.3
13.7617     12.06
4.34866     7.4
12.386     13.84
16.3199     22.1
2.44789     1.6
2.99453     2.2
20.6322     18.17
2.65694     3.82
11.7076     7.1
13.7485     10.29
2.81999     4.59
4.4513     7.0
3.19229     3.3
4.50835     4.82
12.0336     11.57
7.08159     3.1
4.00262     4.4
8.15527     10.4
4.99125     4.9
14.4032     12.3
14.3204     17.9
4.19364     4.9
6.77996     7.28
4.25234     6.2
3.57391     3.6
15.0514     11.3
11.1679     11.09
6.34058     9.0
2.82765     1.9
rms is 24.2517072822
mean_error is 1.22925618534
std is 24.2205333412

A 0.5
predict   actual
5.59114     6.2
2.85994     1.6
13.2188     22.1
3.59615     2.4
13.8928     14.1
9.22548     6.13
2.61126     1.9
9.81086     12.0
11.4756     10.29
4.28066     3.1
4.8994     4.9
12.1329     11.4
2.46985     1.2
5.1598     4.1
18.3996     23.7
3.68856     2.59
12.4161     13.84
5.88732     5.4
2.21096     2.7
14.9916     14.3
4.35157     7.4
10.5618     10.3
10.2049     7.1
7.66471     7.9
13.0402     12.03
4.31039     3.3
12.7256     13.0
21.8147     34.7
13.2939     11.0
2.55931     3.4
4.36943     4.59
5.82988     4.0
9.24143     5.87
1.13181     2.2
17.5232     18.3
1.53422     2.9
7.08711     4.9
3.43185     4.54
5.13946     4.82
3.12229     1.8
14.5065     10.3
22.0195     24.0
5.10233     7.0
12.2933     5.9
10.6927     11.09
11.1918     11.9
8.82374     8.4
26.2522     32.9
7.70481     3.4
9.11518     10.4
14.3973     17.9
14.0919     11.3
7.82237     7.28
4.61689     3.6
9.91002     9.7
5.11847     4.4
4.49473     5.6
6.93458     3.6
7.49859     3.1
9.41804     6.5
17.2653     21.11
7.80105     5.7
13.2905     12.3
13.6436     12.06
2.40886     1.5
3.90328     2.8
11.8449     11.57
17.5803     18.17
2.90681     3.82
9.41804     7.3
7.38872     9.0
22.6714     21.3
12.8621     13.67
rms is 23.2362728416
mean_error is 6.6373710909
std is 22.2681315016

A 1
predict   actual
9.06871     7.605
2.54166     1.5
2.26458     1.455
5.86769     8.235
2.79764     4.5
2.66443     2.055
3.15392     1.2
3.57237     3.195
4.43733     5.79
3.09029     3.15
3.56544     1.5
2.24065     4.05
9.45952     10.2
3.00186     3.63
1.94282     0.45
1.99994     1.65
2.7039     1.2
3.49764     2.295
2.13252     4.05
3.48689     3.045
4.99568     6.225
1.61911     1.95
9.75864     11.1
3.3508     2.88
8.68486     6.93
3.09118     3.27
5.28986     5.73
2.56149     1.965
2.14706     1.275
3.51044     2.58
2.47501     1.545
3.30168     1.98
1.98261     1.95
9.5719     11.85
12.1466     15.9
1.67626     2.1
2.29416     4.8
2.17043     1.335
12.4162     17.55
2.65615     3.6
4.49046     9.315
1.25628     1.5
1.94282     0.75
12.2974     18.45
rms is 28.1202341436
mean_error is 1.14575937455
std is 28.096882456

A 2
predict   actual
3.21111     4.935
1.92287     2.67
2.01783     1.98
11.0076     12.75
1.90396     1.68
2.12646     7.05
3.46253     6.63
1.90194     1.53
1.86842     1.215
1.74561     3.0
6.66856     7.5
7.01545     7.5
2.25715     1.845
4.10105     4.68
1.71946     1.575
7.03498     5.475
5.52231     6.9
1.68815     2.55
9.40061     11.4
1.99561     2.865
2.07661     2.22
5.64591     5.325
10.6468     12.6
1.91846     1.47
1.75521     3.15
1.72389     0.885
2.22356     4.95
rms is 35.8230621787
mean_error is -14.6093433884
std is 32.7086971556


A 3
predict   actual
1.37557     1.425
2.08081     1.65
5.29528     4.56
1.03443     1.8
3.61653     5.82
1.80534     2.235
1.35863     1.41
1.49247     1.455
7.65965     9.75
1.99603     1.44
1.30717     1.14
6.02216     5.4
1.63542     0.645
5.52808     4.53
1.32092     1.305
3.53873     3.78
1.10489     2.1
7.38906     9.75
6.01073     5.7
1.46721     4.485
2.45932     4.47
1.47936     0.87
rms is 33.1476762213
mean_error is -7.84958356472
std is 32.2048517577

A 5
predict   actual
1.76946     1.23
1.83085     0.885
4.21389     3.6
2.73595     2.85
1.43119     1.2
1.88996     1.11
6.25612     6.6
1.81948     1.815
1.91593     1.11
4.3094     3.615
1.8369     0.96
1.78051     1.185
5.08218     3.15
rms is 26.7372144122
mean_error is 21.0694019449
std is 16.460830362


